0.1227858752858 0.7560967266280 1
0.89321501434885 0.9924818574694496 0
-0.4846998176647763 -0.937759674232316 1
-0.19360264927622484 -0.13387221004717786 1
0.9546738605238991 -0.9379532663938641 0
-0.003229680992512307 -0.7121873682409721 1
-0.36501613245594955 0.30883336978912634 1
0.10957348119414712 -0.43823980195904166 1
0.13282195735030577 0.30415016532416206 1
-0.5226864959943449 0.4566616794726204 1
0.46571521002018446 -0.6468378209580656 1
-0.9748027428807622 -0.13783832061528312 1
-0.2817669508900795 -0.19045614183654913 1
-0.4940358827113793 -0.921783177977153 1
-0.8187118789980614 0.11009191437214683 1
-0.6716808542007506 -0.22672084878182686 1
0.9338780315486197 -0.6829541236586978 0
-0.684220334863282 -0.6183253225495229 1
0.7422148855944082 0.6672249997976492 0
0.42540073439932713 0.7773982520712628 0