-0.3663874835547771 -0.07442273778482367 1.0
-0.3663874835547771 -0.07442273778482367 1.0
-0.3992877528841572 -0.638921543491735 0.0
0.03290026932938006 0.5644988057069114 0.0
0.013213890210114432 0.3520812895232128 1.0
0.03290026932938006 0.5644988057069114 0.0
-0.5939549573827199 0.4855630268557405 1.0
0.03290026932938006 0.5644988057069114 0.0
-0.9001686479100814 0.5120251760985894 1.0
0.03290026932938006 0.5644988057069114 0.0
-0.9344290074979182 -0.18565586492975372 1.0
-0.9015287381685382 0.37884294077715763 1.0
-0.22241252824027802 0.7701448340177279 1.0
-0.9015287381685382 0.37884294077715763 1.0
0.5633639209216987 -0.30210346869105686 0.0
-1.464892659090237 0.6809464094682145 0.0
0.0616203754204655 -0.0810488649107798 1.0
-1.4032722836697715 0.5998975445574347 1.0
-0.9981965788976019 0.7060044808393666 1.0
-1.4032722836697715 0.5998975445574347 1.0
0.2541050791935979 -0.5036298366431242 0.0
-1.6573773628633695 1.1035273812005588 0.0
0.2526395119331568 0.6193761621487581 1.0
-1.6573773628633695 1.1035273812005588 0.0
-0.626432564588222 -0.23326781495455196 1.0
-1.6573773628633695 1.1035273812005588 0.0
0.6461414550761977 -0.3258996205690785 0.0
-1.6573773628633695 1.1035273812005588 0.0
-0.17074644795933547 0.9485668844547117 1.0
-1.6573773628633695 1.1035273812005588 0.0
-0.44911633229729997 0.39372600876484154 1.0
-1.6573773628633695 1.1035273812005588 0.0
0.8456923812113875 -0.8905708291534693 0.0
-1.6573773628633695 1.1035273812005588 0.0
-0.9385934726668106 0.7301579338162645 1.0
-1.6573773628633695 1.1035273812005588 0.0
-0.9925469355971033 0.7326011838246846 1.0
-1.6573773628633695 1.1035273812005588 0.0
0.016250060758745688 0.11689569995010207 1.0
-1.6573773628633695 1.1035273812005588 0.0
-0.3663874835547771 -0.07442273778482367 1.0
-1.6573773628633695 1.1035273812005588 0.0
-0.3992877528841572 -0.638921543491735 0.0
-1.6573773628633695 1.1035273812005588 0.0
0.013213890210114432 0.3520812895232128 1.0
-1.6573773628633695 1.1035273812005588 0.0
-0.5939549573827199 0.4855630268557405 1.0
-1.6573773628633695 1.1035273812005588 0.0
-0.9001686479100814 0.5120251760985894 1.0
-1.6573773628633695 1.1035273812005588 0.0
-0.9344290074979182 -0.18565586492975372 1.0
-1.6573773628633695 1.1035273812005588 0.0
-0.22241252824027802 0.7701448340177279 1.0
-1.6573773628633695 1.1035273812005588 0.0
0.5633639209216987 -0.30210346869105686 0.0
-1.6573773628633695 1.1035273812005588 0.0
0.0616203754204655 -0.0810488649107798 1.0
-1.595756987442904 1.022478516289779 1.0
-0.9981965788976019 0.7060044808393666 1.0
-1.595756987442904 1.022478516289779 1.0
0.2541050791935979 -0.5036298366431242 0.0
-1.849862066636502 1.5261083529329031 0.0
0.2526395119331568 0.6193761621487581 1.0
-1.849862066636502 1.5261083529329031 0.0
-0.626432564588222 -0.23326781495455196 1.0
-1.849862066636502 1.5261083529329031 0.0
0.6461414550761977 -0.3258996205690785 0.0
-1.849862066636502 1.5261083529329031 0.0
-0.17074644795933547 0.9485668844547117 1.0
-1.849862066636502 1.5261083529329031 0.0
-0.44911633229729997 0.39372600876484154 1.0
-1.849862066636502 1.5261083529329031 0.0
0.8456923812113875 -0.8905708291534693 0.0
-1.849862066636502 1.5261083529329031 0.0
-0.9385934726668106 0.7301579338162645 1.0
-1.849862066636502 1.5261083529329031 0.0
-0.9925469355971033 0.7326011838246846 1.0
-1.849862066636502 1.5261083529329031 0.0
0.016250060758745688 0.11689569995010207 1.0
-1.849862066636502 1.5261083529329031 0.0